"csg" :
[
  [
  {
    "name"  : "mainhead"
    "type"  : "sphere"
    "rgb"   : "255 225 181"
    "round%": "0.1"
    "line_w": "1"
    "r"     : "1 6.99141e-07 -0 -6.99141e-07 1 0 0 0 1"
    "t"     : "0 0 256"
    "s"     : "21.0295 19.7787 28.1806"
  }
  {
    "name"  : "hair"
    "type"  : "sphere"
    "rgb"   : "216 146 43"
    "round%": "0.1"
    "line_w": "1"
    "r"     : "1 0 0 0 1 0 0 0 1"
    "t"     : "0 0 279.765"
    "s"     : "20.0312 16.9839 13.6701"
  }
  {
    "name"  : "nose"
    "type"  : "sphere"
    "rgb"   : "255 225 181"
    "line_w": "1"
    "r"     : "1 -0 0 0 0.961262 -0.275637 0 0.275637 0.961262"
    "t"     : "0 -18.4105 259.777"
    "s"     : "3.16097 3.0242 5.4676"
  }
  {
    "name"  : "eyeHoleR"
    "type"  : "sphere"
    "mode"  : "sub"
    "rgb"   : "255 225 181"
    "blend" : "2"
    "line_w": "1"
    "r"     : "-5.96046e-08 0.275637 0.961262 0.48481 0.840738 -0.241078 -0.87462 0.466029 -0.133632"
    "t"     : "-8.1706 -16.4727 266.535"
    "s"     : "3.16097 3.0242 5.4676"
  }
  {
    "name"  : "eyeHoleL"
    "type"  : "sphere"
    "mode"  : "sub"
    "rgb"   : "255 225 181"
    "blend" : "1"
    "line_w": "1"
    "r"     : "-0.251807 0.112112 0.961262 -0.570863 0.784855 -0.241078 -0.781479 -0.609454 -0.133631"
    "t"     : "8.74909 -16.4727 266.535"
    "s"     : "3.16097 3.0242 5.4676"
  }
  {
    "name"  : "eyeL"
    "type"  : "sphere"
    "rgb"   : "255 255 255"
    "line_w": "1"
    "r"     : "-0.251807 0.112112 0.961262 -0.570863 0.784855 -0.241078 -0.781479 -0.609454 -0.133631"
    "t"     : "8.12371 -13.8625 265.622"
    "s"     : "3 3 3"
  }
  {
    "name"  : "eyeR"
    "type"  : "sphere"
    "rgb"   : "255 255 255"
    "line_w": "1"
    "r"     : "-0.251807 0.112112 0.961262 -0.570863 0.784855 -0.241078 -0.781479 -0.609454 -0.133631"
    "t"     : "-7.4825 -13.8625 265.622"
    "s"     : "3 3 3"
  }
  {
    "name"  : "earL"
    "type"  : "sphere"
    "rgb"   : "255 225 181"
    "round%": "0.1"
    "line_w": "1"
    "r"     : "0.93358 0 -0.358368 0 1 0 0.358368 -0 0.93358"
    "t"     : "20.0203 -6.45247 264.214"
    "s"     : "2.56638 2.83215 4.61804"
  }
  {
    "name"  : "earR"
    "type"  : "sphere"
    "rgb"   : "255 225 181"
    "round%": "0.1"
    "line_w": "1"
    "r"     : "0.945519 0 0.325568 0 1 -0 -0.325568 0 0.945519"
    "t"     : "-20.2546 -6.45247 264.214"
    "s"     : "2.56638 2.83215 4.61804"
  }
  {
    "name"  : "MouthHole"
    "type"  : "sphere"
    "mode"  : "sub"
    "rgb"   : "255 131 131"
    "round%": "0.1"
    "line_w": "1"
    "r"     : "0.999993 0.00253245 -0.00262446 -0.00252697 0.999995 0.00208704 0.00262973 -0.00208039 0.999994"
    "t"     : "0 -13.998 245.056"
    "s"     : "9.64446 12.2762 2.06876"
  }
  ]
]
"object" :
[
  {
  }
]
"palette" :
[
  "0 0 0"
  "255 255 255"
  "255 255 204"
  "255 255 153"
  "255 255 102"
  "255 255 51"
  "255 255 0"
  "255 204 255"
  "255 204 204"
  "255 204 153"
  "255 204 102"
  "255 204 51"
  "255 204 0"
  "255 153 255"
  "255 153 204"
  "255 153 153"
  "255 153 102"
  "255 153 51"
  "255 153 0"
  "255 102 255"
  "255 102 204"
  "255 102 153"
  "255 102 102"
  "255 102 51"
  "255 102 0"
  "255 51 255"
  "255 51 204"
  "255 51 153"
  "255 51 102"
  "255 51 51"
  "255 51 0"
  "255 0 255"
  "255 0 204"
  "255 0 153"
  "255 0 102"
  "255 0 51"
  "255 0 0"
  "204 255 255"
  "204 255 204"
  "204 255 153"
  "204 255 102"
  "204 255 51"
  "204 255 0"
  "204 204 255"
  "204 204 204"
  "204 204 153"
  "204 204 102"
  "204 204 51"
  "204 204 0"
  "204 153 255"
  "204 153 204"
  "204 153 153"
  "204 153 102"
  "204 153 51"
  "204 153 0"
  "204 102 255"
  "204 102 204"
  "204 102 153"
  "204 102 102"
  "204 102 51"
  "204 102 0"
  "204 51 255"
  "204 51 204"
  "204 51 153"
  "204 51 102"
  "204 51 51"
  "204 51 0"
  "204 0 255"
  "204 0 204"
  "204 0 153"
  "204 0 102"
  "204 0 51"
  "204 0 0"
  "153 255 255"
  "153 255 204"
  "153 255 153"
  "153 255 102"
  "153 255 51"
  "153 255 0"
  "153 204 255"
  "153 204 204"
  "153 204 153"
  "153 204 102"
  "153 204 51"
  "153 204 0"
  "153 153 255"
  "153 153 204"
  "153 153 153"
  "153 153 102"
  "153 153 51"
  "153 153 0"
  "153 102 255"
  "153 102 204"
  "153 102 153"
  "153 102 102"
  "153 102 51"
  "153 102 0"
  "153 51 255"
  "153 51 204"
  "153 51 153"
  "153 51 102"
  "153 51 51"
  "153 51 0"
  "153 0 255"
  "153 0 204"
  "153 0 153"
  "153 0 102"
  "153 0 51"
  "153 0 0"
  "102 255 255"
  "102 255 204"
  "102 255 153"
  "102 255 102"
  "102 255 51"
  "102 255 0"
  "102 204 255"
  "102 204 204"
  "102 204 153"
  "102 204 102"
  "102 204 51"
  "102 204 0"
  "102 153 255"
  "102 153 204"
  "102 153 153"
  "102 153 102"
  "102 153 51"
  "102 153 0"
  "102 102 255"
  "102 102 204"
  "102 102 153"
  "102 102 102"
  "102 102 51"
  "102 102 0"
  "102 51 255"
  "102 51 204"
  "102 51 153"
  "102 51 102"
  "102 51 51"
  "102 51 0"
  "102 0 255"
  "102 0 204"
  "102 0 153"
  "102 0 102"
  "102 0 51"
  "102 0 0"
  "51 255 255"
  "51 255 204"
  "51 255 153"
  "51 255 102"
  "51 255 51"
  "51 255 0"
  "51 204 255"
  "51 204 204"
  "51 204 153"
  "51 204 102"
  "51 204 51"
  "51 204 0"
  "51 153 255"
  "51 153 204"
  "51 153 153"
  "51 153 102"
  "51 153 51"
  "51 153 0"
  "51 102 255"
  "51 102 204"
  "51 102 153"
  "51 102 102"
  "51 102 51"
  "51 102 0"
  "51 51 255"
  "51 51 204"
  "51 51 153"
  "51 51 102"
  "51 51 51"
  "51 51 0"
  "51 0 255"
  "51 0 204"
  "51 0 153"
  "51 0 102"
  "51 0 51"
  "51 0 0"
  "0 255 255"
  "0 255 204"
  "0 255 153"
  "0 255 102"
  "0 255 51"
  "0 255 0"
  "0 204 255"
  "0 204 204"
  "0 204 153"
  "0 204 102"
  "0 204 51"
  "0 204 0"
  "0 153 255"
  "0 153 204"
  "0 153 153"
  "0 153 102"
  "0 153 51"
  "0 153 0"
  "0 102 255"
  "0 102 204"
  "0 102 153"
  "0 102 102"
  "0 102 51"
  "0 102 0"
  "0 51 255"
  "0 51 204"
  "0 51 153"
  "0 51 102"
  "0 51 51"
  "0 51 0"
  "0 0 255"
  "0 0 204"
  "0 0 153"
  "0 0 102"
  "0 0 51"
  "238 0 0"
  "221 0 0"
  "187 0 0"
  "170 0 0"
  "136 0 0"
  "119 0 0"
  "85 0 0"
  "68 0 0"
  "34 0 0"
  "17 0 0"
  "0 238 0"
  "0 221 0"
  "0 187 0"
  "0 170 0"
  "0 136 0"
  "0 119 0"
  "0 85 0"
  "0 68 0"
  "0 34 0"
  "0 17 0"
  "0 0 238"
  "0 0 221"
  "0 0 187"
  "0 0 170"
  "0 0 136"
  "0 0 119"
  "0 0 85"
  "0 0 68"
  "0 0 34"
  "0 0 17"
  "238 238 238"
  "221 221 221"
  "187 187 187"
  "170 170 170"
  "136 136 136"
  "119 119 119"
  "85 85 85"
  "68 68 68"
  "34 34 34"
  "17 17 17"
]
